ID	SALBEG	GENDER	JOBTIME	AGE	SALNOW	EDLEVEL	WORKEXP	JOBCAT	MINORITY
628	8400	0	81	28	16080	16	.25	4	0
630	24000	0	73	40	41400	16	12.5	5	0
632	10200	0	83	31	21960	15	4.08	5	0
633	8700	0	93	31	19200	16	1.83	4	0
635	17400	0	83	41	28350	19	13	5	0
637	12996	0	80	29	27250	18	2.42	4	0
641	6900	0	79	28	16080	15	3.17	1	0
649	5400	0	67	28	14100	15	.5	1	0
650	5040	0	96	27	12420	15	1.17	1	0
652	6300	0	77	52	12300	12	26.42	3	0
653	6300	0	84	33	15720	15	6	1	0
656	6000	0	88	54	8880	12	27	1	0
657	10500	0	93	32	22000	17	2.67	4	0
658	10800	0	98	41	22800	15	12	5	0
659	13200	0	64	31	19020	19	2.25	5	0
660	5640	0	94	46	12300	12	20	3	0
669	13500	0	81	30	22200	19	5.17	4	0
671	6900	0	72	32	10380	15	6.92	1	0
683	6300	0	70	58	8520	15	31	1	0
685	11004	0	89	34	27500	17	3.17	4	0
690	7200	0	79	46	11460	15	21.75	1	0
696	10992	0	83	35	20500	16	5.75	5	0
697	16992	0	85	43	27700	20	11.17	7	0
702	8700	0	65	28	28000	16	1.58	4	0
704	13992	0	65	39	22000	19	10.75	5	0
706	12804	0	78	30	27250	19	2.92	4	0
707	13992	0	83	30	27000	17	.75	5	0
708	6600	0	70	44	9000	12	18	2	0
709	10992	0	91	30	31300	18	3.92	4	0
712	6300	0	70	26	11760	15	1.25	2	0
715	6000	0	84	29	15540	15	4.42	1	0
717	12996	0	75	41	22000	18	10.42	5	0
719	12996	0	68	28	24000	17	1.42	6	0
722	5880	0	70	27	10980	12	3.42	2	0
726	13200	0	78	32	29400	19	3.75	4	0
734	5400	0	97	31	10920	12	5.5	1	0
735	10992	0	96	39	24150	19	8	4	0
736	6600	0	94	36	13920	15	7.75	2	0
739	6300	0	78	63	12300	8	35.75	3	0
740	7800	0	83	38	11736	12	12.5	1	0
745	5700	0	96	30	13020	15	3.58	2	0
751	6600	0	95	33	14040	15	7.5	1	0
756	10200	0	78	35	16020	15	11.08	5	0
757	7500	0	98	35	16080	16	3	1	0
759	8400	0	93	30	21250	16	4	4	0
760	7800	0	78	28	16140	16	1.67	1	0
761	6000	0	84	63	12300	8	31.67	3	0
764	8160	0	84	29	15000	15	2.75	1	0
765	6000	0	87	31	11040	12	6.25	2	0
766	10992	0	90	34	21950	16	5.67	4	0
767	5700	0	65	25	11400	15	1.67	1	0
769	9492	0	94	34	24000	16	4.92	4	0
771	6000	0	72	28	11340	15	4	2	0
777	9492	0	78	38	15480	15	14.67	5	0
778	18000	0	66	34	34500	18	4.17	7	0
779	31992	0	96	49	54000	19	16.58	7	0
782	6300	0	82	29	12060	15	6	1	0
783	11100	0	82	44	13848	16	12.42	1	0
785	6300	0	68	28	12120	15	4.58	2	0
786	6300	0	82	29	32000	15	2.83	2	0
787	6000	0	81	30	10620	15	4.33	2	0
791	6300	0	69	63	12000	12	29	3	0
797	13200	0	68	29	24500	19	.75	5	0
801	0	0	0	0	15120	0	3	1	0
802	6000	0	97	29	16320	12	2	1	0
806	7800	0	68	31	14400	19	1.75	1	0
808	18996	0	86	42	26400	16	12.5	5	0
812	6300	0	67	28	12480	15	3.83	2	0
816	6000	0	71	26	11220	14	1.25	2	0
821	6600	0	79	30	11100	15	4.58	2	0
822	5820	0	93	29	8760	8	3.42	1	0
827	6000	0	66	29	12300	12	4.67	1	0
829	6300	0	66	27	13416	12	3.92	2	0
830	6600	0	83	31	15840	15	3.92	1	0
836	6000	0	83	29	11640	12	4.17	1	0
837	12000	0	93	31	31250	19	.58	4	0
838	12000	0	89	35	23750	20	.5	5	0
842	6840	0	92	31	10380	15	3.5	1	0
843	6300	0	92	32	12660	15	5.33	2	0
844	6600	0	64	31	13560	12	8.83	2	0
850	6600	0	83	33	13260	15	5.75	2	0
856	6600	0	67	29	11760	15	5.67	1	0
857	7200	0	65	41	11520	12	17.5	2	0
859	8700	0	84	30	23500	16	1.08	4	0
860	12300	0	78	29	26000	17	2.17	4	0
861	6300	0	80	61	12240	12	38.33	3	0
867	6000	0	85	58	12780	8	36.5	3	0
868	6000	0	94	31	14220	12	4	1	0
870	9000	0	91	33	24250	16	3.67	4	0
872	8796	0	76	32	19500	16	5.08	4	0
874	7800	0	86	30	21060	16	1.67	1	0
875	6000	0	94	30	18060	15	3.33	1	0
878	6300	0	89	31	12600	15	1.83	1	0
880	5700	0	95	29	9300	12	3.83	2	0
882	5640	0	92	34	9660	12	10.83	1	0
883	6600	0	77	27	12300	15	3.42	1	0
887	10500	0	94	39	29500	18	4.67	4	0
892	7800	0	81	33	20220	15	3.67	1	0
894	15000	0	88	56	26000	21	22	5	0
896	8496	0	93	29	18400	16	2.92	4	0
897	6300	0	65	63	9780	15	28.17	1	0
898	6300	0	69	59	11400	8	14.5	3	0
901	8100	0	66	30	13980	16	4.58	1	0
903	5700	0	96	32	12480	15	4.5	1	0
905	12792	0	69	28	26000	19	6.17	4	0
907	10992	0	80	45	20850	19	18.42	5	0
908	6000	0	82	30	10140	12	2.67	1	0
909	6600	0	66	30	16140	15	6.67	1	0
911	6300	0	91	30	15960	14	4.92	2	0
917	5400	0	94	63	10020	12	37	1	0
920	14496	0	78	39	20580	18	12.42	5	0
927	6000	0	87	39	10320	12	11.92	1	0
928	12996	0	77	48	20000	16	22	5	0
930	14004	0	91	34	38800	19	5.67	5	0
931	5700	0	96	29	14460	12	6.92	2	0
932	12792	0	79	29	26750	18	2.5	1	0
933	6300	0	74	63	12780	8	34	3	0
934	6600	0	90	32	15120	14	5	2	0
938	11496	0	92	31	29000	19	.83	4	0
939	6300	0	79	54	12000	12	25.67	3	0
946	7200	0	77	30	13800	15	5.25	1	0
950	21000	0	83	49	26700	16	21.5	7	0
951	12500	0	65	28	36250	19	1.5	5	0
958	6300	0	78	59	14100	12	32.25	3	0
959	6300	0	77	29	10500	15	3.17	1	0
960	8592	0	93	30	18100	16	3	4	0
961	6300	0	66	28	12108	12	6.67	2	0
962	5700	0	95	30	11700	8	4.17	1	0
965	8700	0	79	29	33500	16	1	4	0
966	5700	0	97	31	18400	15	4	1	0
968	6300	0	76	27	17364	15	1	2	0
973	18000	0	96	39	44250	19	10	7	0
974	6420	0	66	60	10500	8	22	1	0
975	6000	0	76	57	8820	12	32.08	1	0
977	9300	0	86	32	18250	16	5	4	0
979	6000	0	96	32	16800	15	5.67	2	0
982	7800	0	65	29	17460	16	1.58	4	0
983	6300	0	91	31	10980	15	4	2	0
984	6000	0	78	30	10380	14	4.42	1	0
985	5700	0	78	28	10020	15	2	1	0
990	6000	0	88	46	12360	12	21	1	0
993	14700	0	80	42	24750	19	16.58	5	0
996	13992	0	75	35	25000	18	6.17	5	0
997	8400	0	98	38	18000	15	11.5	1	0
998	15996	0	96	44	36800	19	14.58	5	0
999	5400	0	95	56	12300	12	25.58	3	0
1001	8496	0	74	29	18900	16	3.75	5	0
1003	10500	0	87	39	16920	16	10.5	4	0
1005	11004	0	97	37	41500	16	5.83	5	0
1007	6300	0	70	29	11940	15	4	2	0
1009	6600	0	79	30	13560	12	7.83	2	0
1014	5100	0	78	25	10680	12	2.08	1	0
1017	6900	0	75	34	10920	15	11	1	0
1019	6000	0	83	50	13500	12	23.67	3	0
1020	5700	0	97	31	16920	12	8.58	1	0
1021	6600	0	69	34	12060	14	9.17	1	0
1022	8400	0	79	28	22600	16	1	4	0
1025	6000	0	87	64	12300	8	37.58	3	0
1026	14016	0	67	36	28000	19	6.25	5	0
1027	10992	0	92	32	27500	19	.67	4	0
1029	6900	0	89	40	10920	12	14.58	1	0
1033	6000	0	94	33	10800	12	10	2	0
1035	6300	0	78	61	9600	8	39.67	1	0
1037	10000	0	93	33	22620	16	2.83	5	0
1040	5400	0	94	32	10740	15	.42	1	0
1041	8496	0	77	29	17950	16	1.83	1	0
1044	6300	0	70	28	10140	15	4.67	2	0
1045	6240	0	85	55	10500	8	14.25	1	0
1046	8100	0	93	31	16440	15	2.25	1	0
1047	5400	0	91	27	12660	15	1.5	1	0
1048	6300	0	67	32	13560	15	8	1	0
1065	17004	0	65	34	30000	19	4.5	6	0
1067	5700	0	65	25	12660	15	.83	2	0
1070	5400	0	98	35	12840	15	5.58	1	0
1071	6300	0	63	27	15660	15	3.83	2	0
1075	13992	0	93	46	33000	17	17.25	7	0
1082	11796	0	91	31	36500	19	1.92	4	0
1084	6000	0	78	29	10740	12	4	1	0
1088	6000	0	66	29	12960	15	5.33	1	0
1089	12000	0	96	32	32500	17	1.5	4	0
1093	6600	0	73	30	14280	12	6	1	0
1094	7500	0	98	37	14400	15	9.5	1	0
1097	11496	0	65	28	24750	19	2.17	5	0
1101	12600	0	81	31	30000	19	1.08	4	0
1103	6300	0	82	30	11940	12	7.08	2	0
1109	5640	0	90	32	13380	15	7.08	1	0
1111	6600	0	67	30	10860	15	6.5	2	0
1112	6300	0	89	34	10800	15	7.25	1	0
1114	6600	0	90	31	12120	15	1.33	1	0
1117	12996	0	69	34	26750	19	6.75	6	0
1120	6000	0	86	29	12360	15	2.08	1	0
1123	6900	0	83	34	10920	15	7.58	1	0
1124	6300	0	94	30	13560	15	6.5	2	0
1126	4620	0	80	24	8520	8	2	1	0
627	5100	1	95	53	8940	15	13.75	1	0
631	4800	1	98	64	8580	12	31.75	1	0
644	4500	1	80	24	7860	12	.42	2	0
645	4500	1	65	23	8700	12	0	2	0
646	5280	1	98	46	8760	8	15.83	1	0
648	4800	1	81	24	10980	8	.75	2	0
651	5400	1	69	25	9660	15	.58	2	0
662	4980	1	69	24	9780	12	1	2	0
663	6900	1	85	32	14280	16	1.58	2	0
664	5280	1	88	62	8040	8	7.5	1	0
666	4500	1	80	24	8940	12	.42	2	0
667	4800	1	77	42	9000	12	5.25	1	0
673	4800	1	76	40	8820	12	.5	1	0
674	7500	1	84	59	13800	12	17.33	1	0
675	4800	1	69	23	8640	12	0	2	0
680	4980	1	69	24	11160	12	0	2	0
682	4500	1	66	23	8160	12	0	2	0
684	5100	1	63	56	8580	12	11.58	2	0
686	7200	1	93	29	21600	16	.92	1	0
691	4200	1	93	25	10560	12	0	2	0
698	4500	1	81	24	9060	12	0	2	0
700	6600	1	95	55	12000	12	19	1	0
701	6600	1	73	24	8880	12	.58	2	0
710	6600	1	86	28	11760	15	2	2	0
711	5400	1	86	27	13320	15	2	1	0
713	7800	1	93	60	13560	15	16	1	0
714	4980	1	69	23	11640	8	1.42	2	0
716	4500	1	81	24	10920	12	.42	2	0
718	5520	1	82	46	9600	12	8.08	1	0
720	4620	1	93	28	9660	15	0	2	0
721	5400	1	88	28	8940	12	2.17	1	0
723	4490	1	81	24	11100	12	.42	1	0
724	4500	1	80	25	9360	12	1.5	2	0
728	5700	1	76	55	9000	12	7.5	1	0
729	4500	1	69	23	9060	12	.17	2	0
731	6600	1	85	31	11400	12	5.75	1	0
732	7500	1	68	51	10080	8	28.67	1	0
737	7992	1	84	43	14400	12	20	1	0
738	7500	1	81	32	21750	16	6.75	4	0
741	3900	1	98	27	8760	12	0	1	0
742	5400	1	64	45	9360	12	16.5	2	0
743	7500	1	90	61	12600	12	17.08	2	0
746	4380	1	80	25	9720	12	.67	2	0
748	4080	1	70	63	6300	8	22.92	1	0
749	4080	1	81	57	6960	8	32.5	1	0
750	4620	1	93	26	11700	15	.92	2	0
753	4500	1	69	23	8340	12	0	2	0
754	3900	1	92	55	6480	8	0	1	0
758	9996	1	89	52	16620	16	23.75	5	0
762	4500	1	80	25	11400	12	.33	2	0
763	6600	1	84	61	11640	8	2.92	1	0
770	4800	1	75	51	9780	12	12	1	0
772	6120	1	78	52	9360	12	17.42	1	0
774	4560	1	93	25	11040	12	.5	2	0
780	5340	1	88	27	14220	15	2.67	2	0
781	4500	1	92	26	8040	12	2	2	0
784	5220	1	70	55	7860	8	8.5	1	0
788	5100	1	66	46	9660	8	8	1	0
790	4620	1	74	24	10440	12	.17	2	0
793	5700	1	90	29	12660	12	4	1	0
796	7800	1	82	58	11100	15	22.08	2	0
800	4080	1	82	51	8940	8	4	1	0
803	4800	1	76	26	10200	15	.58	2	0
809	5100	1	65	24	9000	12	2	2	0
810	4380	1	92	25	9600	8	.5	1	0
813	5580	1	73	25	9180	15	1.83	2	0
814	5700	1	77	30	10260	12	5.33	1	0
815	4920	1	69	23	9180	12	.42	1	0
818	7800	1	64	26	13140	16	1.67	2	0
824	5400	1	66	44	9540	15	10.17	1	0
826	4080	1	72	61	7080	8	15.33	1	0
828	4200	1	93	25	9180	12	.83	2	0
831	4080	1	85	55	6840	12	6	1	0
832	4080	1	74	55	6360	8	3.58	1	0
834	4380	1	92	25	10380	12	0	1	0
835	5400	1	65	50	8640	8	14.42	1	0
845	7200	1	81	26	16320	12	.33	1	0
847	4500	1	77	24	8520	12	0	2	0
848	5400	1	66	25	11880	12	2.17	1	0
849	4500	1	96	30	12540	8	4.33	1	0
851	5400	1	70	52	8400	12	6.83	1	0
852	5760	1	91	33	10080	12	6.92	1	0
853	5520	1	67	57	8880	12	16.33	1	0
858	5640	1	90	30	10080	12	4.58	1	0
862	4800	1	73	49	9240	12	19	1	0
863	7200	1	75	29	13200	16	2.17	2	0
864	5400	1	66	64	8640	8	19	1	0
865	4500	1	80	24	7980	12	.67	1	0
866	12000	1	73	31	22700	16	1.25	5	0
869	4080	1	82	60	6480	12	0	1	0
871	4380	1	81	24	9240	12	0	2	0
873	6000	1	76	27	11664	12	1.83	2	0
876	4500	1	80	24	9360	12	0	2	0
877	5100	1	82	27	8760	15	0	1	0
879	4980	1	69	23	12240	12	.42	2	0
885	4380	1	81	24	9000	8	.42	2	0
886	4080	1	76	59	6720	8	6.33	1	0
888	4500	1	69	23	8160	12	0	2	0
902	4260	1	74	51	9480	8	23.42	1	0
904	5400	1	77	27	11940	12	3.17	1	0
906	4620	1	97	53	10500	12	4	1	0
912	4620	1	81	24	10680	12	1.5	2	0
913	5100	1	73	55	11640	17	31.25	2	0
915	5400	1	72	49	9420	15	4.08	1	0
916	6300	1	66	32	9780	12	7.25	1	0
919	4500	1	81	25	9960	12	0	2	0
924	4380	1	81	25	7860	12	.92	2	0
929	6900	1	80	30	13800	16	.25	2	0
937	7200	1	71	30	14640	16	1	2	0
941	4380	1	81	24	8820	12	.75	2	0
942	6996	1	79	28	17200	16	1.67	4	0
943	6300	1	90	29	15120	16	.58	4	0
945	3900	1	86	52	8760	12	13	1	0
947	5160	1	87	26	10680	12	1.5	1	0
949	4080	1	72	52	7980	12	4.67	1	0
953	4620	1	91	63	8400	12	9	1	0
954	5100	1	98	47	11160	15	9.58	1	0
955	4800	1	81	24	10200	12	.92	2	0
957	7200	1	71	27	23250	16	.92	6	0
963	5580	1	88	27	11400	12	2.83	1	0
969	4080	1	68	62	6480	12	15	1	0
970	4440	1	67	27	12540	15	3.92	2	0
980	6300	1	82	29	9300	16	.33	2	0
981	4860	1	77	24	13800	12	.33	2	0
987	5820	1	93	31	13920	16	.67	1	0
988	4800	1	79	50	8340	8	5.83	1	0
989	5400	1	98	47	9600	12	20.33	1	0
991	4020	1	92	44	9840	12	3.67	1	0
994	5100	1	81	27	11280	15	1.58	2	0
995	3900	1	86	62	7260	12	6	1	0
1000	4980	1	74	59	8700	8	26.5	1	0
1004	6120	1	72	25	11760	12	2.5	2	0
1011	4500	1	83	25	9600	12	1.33	2	0
1012	5700	1	63	25	11760	12	.75	2	0
1015	5400	1	78	27	9840	12	3.92	2	0
1023	6000	1	97	30	15540	16	1.42	1	0
1028	5400	1	94	29	10560	15	.25	2	0
1030	7800	1	65	30	13764	16	6.58	4	0
1031	5280	1	88	54	9780	12	8.92	1	0
1032	6900	1	86	32	18750	16	1.58	4	0
1034	4200	1	90	58	7500	15	4.5	1	0
1036	5700	1	65	59	8280	15	20.08	1	0
1039	7200	1	75	28	14820	15	.42	2	0
1042	6300	1	73	54	15060	12	11	1	0
1043	4800	1	79	24	9780	12	.67	2	0
1050	4200	1	92	25	11400	12	.5	2	0
1051	7992	1	64	29	22300	16	3	4	0
1054	4380	1	79	24	9900	12	.42	2	0
1056	5400	1	90	28	13020	15	1.83	2	0
1058	7200	1	93	32	20400	16	1.83	1	0
1059	4500	1	68	23	9120	12	.17	2	0
1062	6000	1	90	44	13320	12	.25	2	0
1063	6600	1	90	30	15420	16	0	2	0
1064	5100	1	69	24	9540	12	1.67	2	0
1066	4080	1	83	59	7920	8	6.25	1	0
1069	4800	1	87	53	8340	12	13.58	1	0
1076	4380	1	80	25	7260	12	0	2	0
1078	5400	1	67	51	8340	12	15.08	2	0
1081	7800	1	68	27	17400	16	.92	4	0
1083	4080	1	84	62	6600	12	24	1	0
1085	6600	1	98	43	12120	16	11.92	2	0
1086	4800	1	82	28	13560	12	.92	1	0
1087	5700	1	82	30	10260	15	4.25	1	0
1090	7200	1	78	28	13020	15	.5	2	0
1091	5400	1	73	27	11160	12	2.67	2	0
1092	4380	1	93	25	9720	12	.42	1	0
1099	5580	1	72	27	11520	12	1.5	2	0
1100	4380	1	89	25	10500	12	0	1	0
1102	4500	1	69	23	9120	12	0	2	0
1107	3900	1	88	62	6660	8	34.33	1	0
1108	4500	1	69	23	8280	12	.17	2	0
1110	5580	1	64	29	10080	15	4.75	2	0
1125	4800	1	73	60	8460	8	13.25	2	0
1127	4080	1	72	56	6780	8	26.58	1	0
1128	4080	1	82	53	6900	12	29.83	1	0
1129	4500	1	81	24	9240	12	1.08	2	0
626	5400	0	88	29	10680	12	3.17	1	1
629	5400	0	96	39	11640	12	9.42	1	1
634	6996	0	67	41	13320	16	10	1	1
636	5100	0	84	44	7860	12	15	1	1
638	6420	0	67	51	10500	8	8.08	1	1
640	4800	0	98	27	11340	8	2.17	2	1
643	6600	0	66	30	11220	15	7	1	1
654	5100	0	97	53	8700	12	26.25	1	1
661	5760	0	86	28	10200	12	3.08	2	1
668	6600	0	83	44	12240	15	18	1	1
676	6300	0	79	48	13800	8	20.5	3	1
678	6000	0	92	60	12300	8	36	3	1
679	6000	0	82	59	9000	15	30.92	1	1
687	6300	0	68	32	12120	8	12.92	3	1
689	7200	0	70	47	10800	17	16	1	1
693	6300	0	76	35	11820	8	12	3	1
694	6000	0	86	29	10620	12	3.17	1	1
703	5700	0	94	32	11220	15	3	1	1
725	6000	0	78	33	10620	16	8.75	2	1
727	6000	0	87	31	14100	15	4.5	1	1
730	6000	0	90	37	10980	12	14.42	2	1
747	6000	0	91	30	12180	12	4.08	0	9
752	6000	0	77	33	11100	15	4.33	1	1
773	7800	0	92	40	16080	17	14	1	1
775	6000	0	83	43	11580	15	9	1	1
776	6000	0	80	57	8940	12	22.67	1	1
789	6300	0	67	29	12780	15	4.83	2	1
792	6000	0	87	30	10680	15	4.67	1	1
794	4620	0	77	24	11100	12	1	1	1
799	0	9	64	0	10500	12	5.75	1	9
807	5220	0	85	28	10080	12	2.42	1	1
811	13500	0	74	48	23760	12	22.67	5	1
820	6300	0	70	34	9600	12	10	1	1
840	6600	0	83	28	15360	15	5.33	1	1
846	6300	0	73	38	12480	12	12.92	3	1
889	6300	0	76	28	10680	12	1.5	2	1
890	4560	0	81	24	10200	12	.75	2	1
891	6000	0	96	31	12540	15	4.08	2	1
899	5400	0	78	25	12600	12	.58	1	1
910	11496	0	70	32	31400	17	5.58	4	1
914	7200	0	91	41	11340	15	12.58	1	1
922	6000	0	94	34	12360	12	8.5	2	1
925	9300	0	88	42	17580	18	15.17	1	1
926	3600	0	91	53	12300	12	26.17	3	1
948	17640	0	66	35	40000	16	10.67	5	1
967	6000	0	78	54	8940	8	26.67	1	1
972	6000	0	91	45	12300	12	20	3	1
978	8220	0	66	32	19600	15	7.17	1	1
1002	7200	0	72	39	14280	16	11.5	1	1
1006	6300	0	67	47	12000	8	25.42	3	1
1013	6300	0	78	55	14100	12	23.42	3	1
1016	5400	0	86	63	10680	12	30.58	1	1
1018	5400	0	88	57	9480	15	29.92	1	1
1038	6000	0	79	30	11160	14	3.92	2	1
1049	6000	0	90	42	9720	15	15.92	3	1
1052	5700	0	98	33	11100	15	2.83	2	1
1061	6000	0	92	37	12000	8	12	3	1
1073	6000	0	83	48	12300	8	25.17	3	1
1077	3900	0	94	29	9000	8	3	2	1
1079	6000	0	90	43	12300	12	17.42	3	1
1080	6000	0	96	33	14400	16	3.83	1	1
1105	13992	0	67	38	26500	19	8.25	6	1
1106	6300	0	64	27	10560	15	2.67	1	1
1116	6300	0	68	30	12780	15	5.83	1	1
639	4800	1	84	27	9900	12	3.42	1	1
642	5700	1	88	34	0	0	5.08	1	1
647	4080	1	72	46	6960	0	9.67	0	1
665	4080	1	72	45	8580	8	16.17	1	1
677	5400	1	78	48	10320	15	4.25	1	1
681	4500	1	69	24	8520	12	.25	2	1
688	4440	1	97	28	0	15	6.25	0	1
695	5700	1	93	46	9900	12	16.08	1	1
699	6300	1	84	55	10860	15	19.25	1	1
705	5220	1	87	26	10620	12	.92	2	1
733	0	1	69	40	9720	12	10.08	1	1
744	5100	1	85	33	0	12	4.92	0	9
755	4800	1	87	29	11100	12	.92	1	9
795	6720	1	98	44	14040	15	11.42	1	9
798	3900	9	90	48	7860	12	19.08	1	9
825	4080	9	66	60	6540	12	13.58	1	1
893	5100	9	87	42	10020	16	10.25	1	1
895	4800	9	72	32	9900	12	5.67	2	1
900	5700	1	74	45	9780	12	9.75	1	1
921	3600	1	97	60	6780	12	10.33	1	1
935	4080	1	72	51	6780	12	22.58	1	1
936	5400	1	72	50	10440	12	14.08	1	1
940	4080	1	81	51	6840	8	0	1	1
952	0	1	93	26	9180	12	0	2	1
956	5100	1	0	38	10560	12	3	1	1
971	4800	1	84	47	9240	16	17.83	1	1
976	6000	1	86	40	11940	15	6.58	1	1
992	4380	1	83	25	8160	12	.75	1	1
1010	3600	1	97	51	8460	15	14.25	1	1
1053	4380	1	93	26	10020	8	.67	1	1
1068	4380	1	92	25	8820	12	.42	2	1
1072	0	1	0	47	8220	12	12.83	2	1
1095	5580	1	69	50	7860	12	11.08	1	1
1096	3600	1	96	60	7680	15	1.92	1	1
1098	4080	1	85	54	10980	12	8.42	1	1
1104	4620	1	96	32	9420	12	4.33	1	1
1118	4380	1	75	27	9780	12	2.67	2	1
1119	0	1	0	25	7680	12	.58	2	1
1121	4080	1	85	51	7380	12	19	1	1
1122	5220	1	70	39	8340	12	10.58	1	1
